function get_cracks()
global C
%%%% PREPARE CRACK & DISLOCATION DATA  %%%%%%%%%%%%%%%%%%%%%%%%%%%%
C(1).a=1000;
C(1).R_c=[5000 10000 0];
C(1).phi=pi/3;
C(2).a=500;
C(2).phi=0;
C(2).R_c=[10000 11000 0];
C(3).a=1000;
C(3).phi=2*pi/3;
C(3).R_c=[15000 10000 0];
C(4).a=500;
C(4).phi=0;
C(4).R_c=[5000 15000 0];
C(5).a=1000;
C(5).phi=pi/3;
C(5).R_c=[10000 15000 0];
C(6).a=800;
C(6).phi=pi/2;
C(6).R_c=[15000 15000 0];
C(7).a=1000;
C(7).phi=pi/3;
C(7).R_c=[5000 5000 0];
C(8).a=500;
C(8).phi=pi/2;
C(8).R_c=[10000 5000 0];
C(9).a=800;
C(9).phi=0;
C(9).R_c=[15000 5000 0];
end